26052	1.441871	0.805124	didntLike
75136	13.147394	0.428964	didntLike
38344	1.669788	0.134296	didntLike
72993	10.141740	1.032955	didntLike
67497	8.631577	0.749278	didntLike
50242	3.723498	0.831917	didntLike
63275	8.385879	1.669485	didntLike
51052	4.680098	0.625224	didntLike
77372	15.299570	0.331351	didntLike
43673	1.889461	0.191283	didntLike
61364	7.516754	1.269164	didntLike
69673	14.239195	0.261333	didntLike
37708	2.991551	0.833920	didntLike
41611	0.230453	1.151996	didntLike
43605	0.120460	1.352013	didntLike
63796	5.856649	0.160006	didntLike
70808	9.778763	1.084103	didntLike
72011	4.932976	0.632026	didntLike
44952	3.424649	1.004504	didntLike
36429	3.570968	0.832254	didntLike
39623	1.771228	0.207612	didntLike
32404	3.513921	0.991854	didntLike
27268	4.398172	0.975024	didntLike
68613	13.798970	0.724375	didntLike
68837	10.585786	0.329557	didntLike
48849	3.679497	0.961466	didntLike
65230	9.972470	0.881876	didntLike
42377	6.319522	1.058602	didntLike
77450	14.856391	1.129823	didntLike
58732	2.454285	0.222380	didntLike
64890	8.579001	0.683048	didntLike
42050	4.838540	1.680892	didntLike
64895	6.573742	1.151433	didntLike
70406	11.196378	0.836326	didntLike
57399	4.229595	0.128253	didntLike
75270	17.101108	0.490712	didntLike
73520	8.262131	1.361646	didntLike
22329	2.262014	1.022169	didntLike
46570	5.677110	0.709469	didntLike
33654	6.590043	1.353117	didntLike
77064	12.601108	0.974527	didntLike
44373	4.391522	0.807100	didntLike
63771	7.879742	0.154263	didntLike
69076	9.140172	0.851300	didntLike
24489	4.258644	0.206892	didntLike
32311	2.261978	1.605603	didntLike
68607	9.661909	0.350772	didntLike
24619	1.318340	1.436243	didntLike
54483	6.317292	0.018209	didntLike
33926	2.906644	0.581657	didntLike
43865	2.388241	0.913938	didntLike
56054	3.574967	0.494666	didntLike
55164	4.508740	1.036192	didntLike
57087	0.573287	0.607915	didntLike
63082	9.183738	0.012280	didntLike
68680	7.949017	0.271865	didntLike
74391	9.569087	0.364856	didntLike
42814	0.000000	1.515293	didntLike
58736	4.589016	1.672600	didntLike
54744	8.397217	1.534103	didntLike
29482	5.562772	1.689388	didntLike
39514	0.000000	0.481918	didntLike
24368	6.127867	1.102179	didntLike
38063	2.563092	1.464013	didntLike
23410	5.954216	0.953782	didntLike
52914	3.976796	1.043109	didntLike
23817	2.449378	1.322560	didntLike
28521	2.943070	1.446816	didntLike
40345	2.476420	0.096075	didntLike
43547	1.826637	0.811457	didntLike
70758	4.324451	0.328235	didntLike
44484	5.342462	0.394527	didntLike
40699	3.200912	0.309679	didntLike
70908	8.862691	0.530506	didntLike
73989	6.370551	0.369350	didntLike
70036	13.364030	0.549972	didntLike
63249	10.464252	1.669767	didntLike
67902	13.649402	1.052618	didntLike
27545	3.877472	0.401600	didntLike
58656	1.413952	0.451380	didntLike
64555	8.779183	0.845947	didntLike
76319	15.040440	1.366898	didntLike
67417	3.254877	0.669546	didntLike
79341	10.702532	0.204792	didntLike
28544	1.892354	0.837028	didntLike
57663	1.019966	0.372320	didntLike
78727	15.546043	0.729742	didntLike
68255	11.638205	0.409125	didntLike
65899	8.700060	0.101807	didntLike
46556	2.448235	1.176829	didntLike
71038	13.230078	0.616147	didntLike
47657	0.236133	0.340840	didntLike
26535	3.924594	1.143120	didntLike
47707	2.524806	1.292848	didntLike
38055	3.527474	1.449158	didntLike
56823	3.529892	1.375844	didntLike
68086	11.442677	0.696919	didntLike
70242	10.308145	0.422722	didntLike
67671	7.156949	1.691682	didntLike
61238	0.720675	0.847574	didntLike
53376	3.399331	0.077501	didntLike
30930	6.157239	0.580133	didntLike
28987	1.239698	0.719989	didntLike
55536	3.052505	1.335804	didntLike
22812	2.719723	1.142148	didntLike
77826	11.154055	1.608486	didntLike
38172	2.687918	0.660836	didntLike
74038	12.404762	1.112080	didntLike
36642	3.149310	0.639669	didntLike
60350	6.068668	0.881241	didntLike
36109	3.369267	1.575043	didntLike
39567	5.376564	0.557476	didntLike
73590	10.691748	0.007509	didntLike
35187	1.659242	0.447066	didntLike
67705	6.038620	1.509646	didntLike
71308	8.986820	1.225165	didntLike
40328	0.000000	0.816676	didntLike
64306	7.013795	0.139909	didntLike
33170	1.230540	1.331674	didntLike
66491	9.699991	0.122011	didntLike
48812	3.020977	1.502803	didntLike
35394	1.157764	1.603217	didntLike
71791	10.105396	0.121067	didntLike
54495	1.523057	0.620528	didntLike
52603	3.574737	0.075163	didntLike
72000	9.032486	1.461809	didntLike
68497	5.958993	0.023012	didntLike
35135	2.435300	1.211744	didntLike
91273	20.919349	0.644571	didntLike
24743	1.424726	0.838447	didntLike
58394	5.548377	0.402238	didntLike
33962	6.057227	0.432666	didntLike
69241	10.151738	0.896433	didntLike
37776	2.425781	1.559467	didntLike
68997	9.778962	1.195498	didntLike
67416	12.219950	0.657677	didntLike
59225	7.394151	0.954434	didntLike
70527	10.750490	0.097415	didntLike
64734	10.027968	0.282787	didntLike
55601	3.347111	0.914294	didntLike
69982	10.945666	0.993219	didntLike
57350	2.579801	1.149172	didntLike
57869	2.630410	0.098869	didntLike
77623	16.055513	0.541052	didntLike
78184	7.138659	0.158481	didntLike
69616	10.082890	1.373611	didntLike
42349	3.720391	0.845974	didntLike
48915	3.085853	0.967899	didntLike
59333	7.184595	1.261338	didntLike
36198	0.000000	0.116525	didntLike
47516	2.451497	1.358795	didntLike
55807	3.213631	0.432044	didntLike
64007	8.363897	0.445341	didntLike
59428	6.381484	1.365019	didntLike
63546	9.904741	0.985862	didntLike
69636	5.466703	1.216571	didntLike
64660	0.000000	0.915898	didntLike
68620	10.246623	1.239634	didntLike
81046	15.833048	1.568245	didntLike
67736	13.516711	1.220153	didntLike
32492	0.664284	1.116755	didntLike
77289	8.677499	0.344373	didntLike
71890	9.414263	0.384030	didntLike
55984	2.119439	1.481661	didntLike
72694	13.635078	0.858314	didntLike
42299	0.083443	0.701669	didntLike
37068	2.063741	1.125946	didntLike
41137	2.220590	0.690754	didntLike
67759	6.424849	0.806641	didntLike
34502	3.032720	0.601847	didntLike
58335	2.367988	0.435741	didntLike
75039	7.686054	1.381455	didntLike
67639	11.730991	1.289833	didntLike
66668	9.777806	0.496377	didntLike
68732	8.833546	0.513876	didntLike
69995	4.907899	1.518036	didntLike
82008	8.362736	1.285939	didntLike
39432	3.563706	0.242019	didntLike
38010	1.065870	1.141569	didntLike
69306	6.683796	1.456317	didntLike
38000	1.712874	0.243945	didntLike
66293	11.327910	0.780977	didntLike
22730	4.545711	1.233254	didntLike
72308	8.326224	0.567347	didntLike
60338	8.978339	1.442034	didntLike
56796	3.966325	0.850410	didntLike
70204	13.663189	0.133251	didntLike
34379	4.324031	1.603481	didntLike
44441	2.358370	1.273204	didntLike
57070	1.587247	1.456982	didntLike
67066	7.541444	0.809226	didntLike
79728	9.473047	0.692513	didntLike
76879	12.405171	0.567201	didntLike
26309	2.495011	1.459589	didntLike
39038	2.693142	1.317518	didntLike
62911	7.193166	1.117456	didntLike
77758	6.615512	1.521012	didntLike
79065	10.602095	0.573686	didntLike
50011	1.229094	1.638690	didntLike
71600	14.552711	0.616162	didntLike
54559	14.136260	0.362388	didntLike
29764	0.093534	1.207194	didntLike
69100	10.929021	0.403110	didntLike
73199	9.134527	0.586846	didntLike
44461	5.071432	1.421420	didntLike
79016	7.782169	0.404385	didntLike
43679	4.601363	0.268326	didntLike
22075	2.595564	1.115375	didntLike
36951	3.075975	0.286284	didntLike
31290	1.795307	0.194343	didntLike
35257	5.994413	0.800021	didntLike
62018	7.038266	1.458979	didntLike
44588	3.617770	0.493483	didntLike
38563	6.104317	0.099207	didntLike
75668	16.207776	0.584973	didntLike
53395	2.298696	0.559757	didntLike
71036	6.353608	1.645301	didntLike
71142	10.442780	0.335870	didntLike
37653	3.834509	1.346121	didntLike
76839	10.998587	0.584555	didntLike
38889	3.356646	0.324230	didntLike
48071	1.551934	0.130902	didntLike
41804	1.533216	1.007481	didntLike
67956	6.491596	0.032576	didntLike
38844	4.380388	0.748506	didntLike
74197	13.670988	1.687944	didntLike
72784	10.072779	0.756030	didntLike
31246	1.532611	1.433898	didntLike
49508	3.124909	1.670121	didntLike
65479	12.746636	1.560352	didntLike
77268	10.732563	0.545321	didntLike
28490	3.977403	0.766103	didntLike
35405	4.614771	1.027105	didntLike
67432	6.558239	0.667579	didntLike
69696	7.014973	1.494616	didntLike
40123	2.478529	1.568987	didntLike
46202	3.092056	0.490906	didntLike
22834	4.459495	0.538867	didntLike
71932	11.226654	0.384686	didntLike
77129	9.836120	1.054340	didntLike
37447	1.990976	0.378081	didntLike
62397	9.005302	0.485385	didntLike
36706	0.520807	1.476008	didntLike
25862	4.425992	1.363842	didntLike
63488	12.035355	0.831222	didntLike
30099	1.568653	0.684264	didntLike
64656	9.866276	0.685218	didntLike
66087	6.596604	1.653574	didntLike
59956	3.412967	1.035410	didntLike
51743	4.092035	0.075804	didntLike
55028	3.222443	0.121399	didntLike
42169	3.310699	1.521855	didntLike
52696	1.480470	1.028750	didntLike
42545	3.677287	0.244167	didntLike
24437	2.202967	1.370399	didntLike
68080	11.233094	0.492487	didntLike
59016	1.965570	0.005697	didntLike
68630	6.609989	1.083505	didntLike
71992	10.117445	1.299319	didntLike
76701	18.178822	1.473671	didntLike
69801	6.288742	0.112799	didntLike
41737	3.695937	1.543589	didntLike
79267	12.969999	1.568223	didntLike
52252	2.310828	1.436753	didntLike
69364	12.089835	0.521631	didntLike
37885	2.728800	0.331502	didntLike
69698	6.698371	0.240084	didntLike
69058	8.229125	0.195886	didntLike
29928	3.596002	1.485952	didntLike
64486	7.203216	1.624762	didntLike
39539	1.386107	1.417070	didntLike
66972	9.129253	0.594089	didntLike
44909	3.181399	0.359329	didntLike
37372	4.207717	1.289767	didntLike
39055	1.303323	1.235650	didntLike
72265	7.751808	0.192451	didntLike
49248	1.034538	1.585162	didntLike
69683	6.614543	0.153771	didntLike
55264	3.467074	1.231019	didntLike
69643	4.624115	1.185192	didntLike
29119	3.440948	0.078331	didntLike
51656	1.673603	0.732746	didntLike
71372	16.067108	0.974142	didntLike
37980	1.723201	0.310488	didntLike
42385	3.785045	0.876904	didntLike
22687	2.557561	0.123738	didntLike
73230	14.958998	0.526707	didntLike
68737	7.528533	1.657487	didntLike
86686	15.557263	1.430029	didntLike
24091	2.317302	1.411137	didntLike
61861	5.792231	1.615483	didntLike
47903	4.138435	0.475994	didntLike
69027	7.939406	1.325042	didntLike
78642	10.735384	0.705788	didntLike
76368	16.143900	0.558388	didntLike
75346	17.625350	0.339926	didntLike
26376	1.995833	0.267826	didntLike
62230	9.334332	0.198118	didntLike
71161	10.685084	0.678179	didntLike
33794	0.697630	0.966786	didntLike
69209	11.339537	1.068740	didntLike
65889	8.306512	0.413690	didntLike
61914	9.392269	0.151617	didntLike
79194	15.149460	0.537540	didntLike
63039	7.122363	1.630177	didntLike
51136	1.828412	1.013702	didntLike
64191	8.342034	1.388569	didntLike
43432	1.508394	0.652651	didntLike
57071	3.878569	1.377983	didntLike
72420	13.679237	0.025346	didntLike
65821	4.106727	1.085669	didntLike
71289	7.796874	0.052336	didntLike
46893	3.562976	0.445386	didntLike
55783	3.612548	1.551911	didntLike
74124	14.752342	1.155160	didntLike
66603	10.261887	1.628085	didntLike
65915	3.868359	0.128078	didntLike
65678	3.507965	0.028904	didntLike
62996	11.019254	0.427554	didntLike
36851	3.812387	0.655245	didntLike
68306	10.645275	0.693453	didntLike
29613	3.343473	1.312266	didntLike
22392	5.400155	0.193494	didntLike
51126	3.818754	0.590905	didntLike
24859	0.153467	0.766619	didntLike
61732	8.325167	0.028479	didntLike
71128	7.092089	1.216733	didntLike
70600	10.151966	0.993105	didntLike
81597	11.221874	1.395015	didntLike
69959	14.497963	1.019254	didntLike
80886	14.531655	0.380172	didntLike
55895	3.027528	0.885457	didntLike
31587	1.845967	0.488985	didntLike
70096	10.965926	1.212328	didntLike
53151	2.129921	1.477378	didntLike
58668	6.556676	0.055183	didntLike
70843	7.436056	1.479856	didntLike
70839	15.600252	0.021935	didntLike
64371	9.149678	0.874905	didntLike
60613	3.620110	0.287767	didntLike
74676	14.445740	1.211160	didntLike
68846	9.974715	0.669787	didntLike
